61.42860822510822, -31.078094516594515, 66.93594841501121
61.52809827374024, -33.104353787281696, 60.571784444154865
61.58331875219963, -35.13222514342581, 53.455512764362126
61.54031168571051, -37.16008864846647, 46.790181974363385
61.307706267061796, -39.174104079107266, 41.39766044195711
60.76972318815009, -41.12725576744123, 39.92028582157231
59.87410646871918, -42.944232523416005, 42.79531015942893
58.69418508480389, -44.5925562445585, 48.948128912306736
57.34202873644213, -46.10414903744154, 55.79884806341927
55.89514224166516, -47.52589850864466, 64.25769700859286
54.39611360755593, -48.89276373169121, 72.6916683492969
52.86793840646354, -50.227032338492144, 82.16536963334156
51.32353669351053, -51.54250883151833, 89.04419107462883
49.770409883348115, -52.84768097227458, 96.26640726270412
48.213161178872745, -54.147934902197036, 91.95507185770168
46.64456952589617, -55.43438351793043, 87.43154095538962
45.03073964591426, -56.66342881619555, 82.66109072030653
43.356517609521305, -57.808605910810435, 77.5982708273387
41.6090379917861, -58.838071684428115, 72.18187117660992
39.77680522577624, -59.706936979431035, 66.325707474931
37.85970648790004, -60.36664558330112, 62.32867713507709
35.875488491754076, -60.78257639224181, 60.956976734105915
33.85585415489704, -60.963610987626915, 62.341126864592326
31.827622831935358, -60.95857325392207, 65.70446788601018
29.802826221661274, -60.83522793802025, 70.75997568809088
27.782544840818666, -60.65077566572865, 77.31131715444403
25.76415528243524, -60.44635930221509, 83.84804757365542
23.745091437021895, -60.248768463903524, 85.45918281281726
21.72395425735398, -60.07377911177049, 80.57166132709992
19.700306186767175, -59.9308211355913, 75.36787166010369
17.674396059972974, -59.82474451821369, 69.77708760201848
15.646849798961727, -59.75691627914454, 63.697486294096635
13.618377771474503, -59.72782101500197, 56.972778484613016
11.58971448144197, -59.73641083508131, 49.33989154859817
9.561532179171563, -59.78150040957612, 40.28587246086875
7.534415455772553, -59.86126677127515, 28.4864409410031
5.508826118326118, -59.97344660894661, 0
-14.450982934250199, -61.24073607260224, 0
endData
200
200
200
61.42860822510822, -31.078094516594515, 62.05224891774891, -42.511507215007214, 61.42860822510822, -43.135147907647905, 47.70851298701299, -54.56856060606061
47.70851298701299, -54.56856060606061, 33.98841774891775, -66.0019733044733, 31.70173520923521, -58.31040476190476, 5.508826118326118, -59.97344660894661
